-0.01691,-8e-05,0.52435,-2e-05,0.00087,0.00058,-0.89966,-0.00864,0.01527,1.75038,-0.87267,0.01757,-0.89936,0.00875,-0.01522,1.7504,-0.87267,-0.01753,1.59564,0.147,0.37,2e-05,0.00014,9e-05,-3e-05,-6e-05,0,-1e-05,-1e-05,0.00017,7e-05,-0,3e-05,0,2e-05
0.00565147,-0.0171915,0.530371,0.0263919,0.0481803,0.0161075,-0.900086,-0.0196213,-0.0243634,1.6897,-0.823627,0.0120527,-0.895351,-0.0255388,-0.0826451,1.69933,-0.87267,-0.0338585,1.39718,0.115654,0.326862,-0.16738,0.00905449,-0.01008,0.0118948,-0.00616239,-0.104945,0.0161322,-0.106667,-0.0214541,-0.0556023,-0.0966877,-0.00423075,-0.0532225,-0.0151656
0.00754642,-0.0159198,0.578505,0.0218206,0.0470234,0.0179426,-0.785664,-0.0253594,-0.0304624,1.47356,-0.735045,0.0187538,-0.780653,-0.0234361,-0.0770382,1.48419,-0.777261,-0.0410443,1.08744,0.0873446,0.206897,-0.162814,0.00750474,-0.00967291,0.011027,-0.00625867,-0.102348,0.0163839,-0.105074,-0.0203762,-0.0562807,-0.093904,-0.00462103,-0.0514851,-0.0119604
-0.0106996,0.0200078,0.574923,-0.0885589,0.0447382,-0.0185224,-0.847615,0.075275,0.00959502,1.5286,-0.755546,0.00447493,-0.822661,0.0858954,-0.00349655,1.45903,-0.732645,-0.0148067,1.04863,0.0886764,0.192156,-0.197572,0.0608462,-0.0140089,0.0485371,0.0531768,-0.149792,0.0500412,-0.141199,-0.0195216,-0.0413813,-0.0973157,-0.0274035,-0.0599696,-0.0338486
0.00347114,0.000865459,0.612326,-0.0328332,0.0252878,0.0016703,-0.706238,0.0266801,-0.0139803,1.33504,-0.66653,0.00443489,-0.679483,0.0356096,-0.0279774,1.28202,-0.675087,-0.0383353,0.74163,0.0533893,0.089797,-0.263932,0.0467445,-0.00990979,0.0404375,0.0229606,-0.180187,0.0380938,-0.173938,-0.033458,-0.0709471,-0.141816,-0.0177931,-0.0819995,-0.0362341
0.00776291,-0.0363008,0.609852,0.0691399,0.0712649,-0.144362,-0.677154,0.14039,0.131547,1.32459,-0.657909,-0.0138772,-0.778842,0.0844885,0.0491605,1.3321,-0.674076,-0.0232019,0.602654,0.0287797,0.0566871,-0.350144,0.115093,-0.0103807,0.130423,0.111332,-0.116174,0.0121387,-0.182746,0.003195,-0.0537946,-0.0794812,-0.0212399,-0.0643708,-0.101462
-0.00476754,-0.0116341,0.615052,0.114896,-0.0165815,-0.111946,-0.582605,-0.00199834,0.148104,1.26528,-0.622287,0.0378561,-0.706694,0.0101286,0.0926296,1.34511,-0.680103,-0.099353,0.508333,0.0133382,0.0332181,-0.386033,-0.00368099,0.0532747,0.239908,0.148351,-0.0423539,-0.0897959,-0.145088,-0.0130976,-0.0840535,0.00827029,0.0384619,-0.0294135,-0.104747
0.000701666,-0.00962377,0.620784,0.0956198,0.0417702,0.000811182,-0.651709,-0.0627023,0.133606,1.24371,-0.585501,0.00357168,-0.704809,-0.0365757,0.113275,1.36189,-0.647599,-0.0358373,0.446994,0.00414383,0.0160886,-0.407547,-0.0156347,-0.065922,0.361844,0.212274,0.0549625,-0.0679039,-0.0290073,-0.0285848,-0.131712,0.0759885,0.13212,-0.0116762,-0.101664
0.0127988,0.0250244,0.623431,0.0813687,0.0960321,-0.0570235,-0.693561,-0.112822,0.115525,1.17426,-0.639101,0.0367163,-0.755932,-0.0842897,0.104303,1.32863,-0.628692,0.00669889,0.484631,0.0122525,0.00700306,-0.454832,-0.0832819,0.0238743,0.459061,0.325236,0.0264928,-0.131775,-0.0179837,-0.0381637,-0.143682,0.0969269,0.151881,-0.00363124,-0.115257
-0.00203788,-0.00260925,0.62605,0.064086,0.0243317,-0.0492373,-0.636161,-0.0681,0.062841,1.18043,-0.622662,0.0810668,-0.702602,-0.0430807,0.0459264,1.35406,-0.631205,-0.0511709,0.320634,0.0418795,0.0175722,-0.431085,-0.145765,0.08917,0.523866,0.432618,-0.00561478,-0.107966,-0.0538663,-0.050976,-0.197723,0.0626626,0.0679368,0.139153,-0.0337506
-0.00277615,-0.0157603,0.64465,0.0787655,-0.0314297,-0.0473423,-0.590652,-0.038186,0.0349327,1.2237,-0.571908,0.0206806,-0.625055,-0.0379876,0.0335326,1.3322,-0.63166,-0.0810798,0.163202,0.00420222,0.0301276,-0.401769,-0.134812,-0.0755421,0.60381,0.522497,0.03396,0.00251519,-0.0316374,-0.0727281,-0.282651,0.0165661,-0.000912098,0.268727,0.0637036
-5.50747e-05,-0.0261791,0.62233,0.0977822,-0.0756517,-0.0396996,-0.531319,-0.0486639,0.0321588,1.2301,-0.577387,0.00552249,-0.585236,-0.0273837,0.00796747,1.34827,-0.643209,-0.110998,0.0346623,-0.0270697,0.0452401,-0.374243,-0.189364,-0.148945,0.662386,0.494119,0.0884989,0.0472648,0.0178698,-0.0886154,-0.373027,-0.00845907,-0.0453134,0.351273,0.161435
0.0282888,-0.0023905,0.642359,-0.0124803,-0.0419283,-0.0199365,-0.471144,0.0374446,0.0110273,1.19845,-0.635126,0.0400535,-0.498052,-0.00143691,-0.0337662,1.23979,-0.650523,-0.0606233,-0.0535851,-0.0492681,0.0581622,-0.336715,-0.218601,-0.21708,0.689785,0.493999,0.0882289,0.0981357,0.0716325,-0.0776656,-0.456121,0.0153666,-0.0573475,0.301399,0.23725
0.00789928,-0.0139464,0.631103,0.0265383,-0.126354,0.0376896,-0.451974,-0.0223681,0.0409603,1.23507,-0.607292,0.0560527,-0.447774,-0.00632345,0.0105769,1.20948,-0.683525,-0.0609625,-0.138989,-0.0720057,0.0778274,-0.301123,-0.218892,-0.280333,0.733822,0.492281,0.076911,0.11262,0.166958,-0.0574887,-0.476139,0.0476307,-0.0255745,0.235517,0.235014
0.0326247,-0.0370935,0.638938,0.0128313,-0.102307,0.0226127,-0.429481,0.045297,-0.00344675,1.18754,-0.622431,0.00365738,-0.393254,0.00600713,-0.0790846,1.20238,-0.659675,-0.115225,-0.307725,-0.0404986,0.0567119,-0.46227,-0.138854,-0.313591,0.806405,0.459637,0.0945631,0.0628215,0.12251,-0.00202584,-0.437808,0.136014,0.0457314,0.166538,0.132546
0.0119932,-0.0305861,0.640323,0.00511726,-0.114423,-0.0453267,-0.439691,0.0288919,-0.0339593,1.18097,-0.590851,-0.00535446,-0.451235,0.0354475,-0.0371567,1.20109,-0.587718,-0.112735,-0.451911,-0.0187153,0.0894191,-0.452082,-0.141543,-0.436426,0.864078,0.440044,0.10882,0.0509611,0.251296,0.0294825,-0.465172,0.190939,0.117035,0.0809279,0.124539
0.0287085,-0.0231402,0.650083,0.0339453,-0.0642996,-0.0548263,-0.449362,0.00951794,-0.0032145,1.1495,-0.586345,0.0019397,-0.474044,0.0738434,0.0352752,1.16663,-0.57413,-0.119647,-0.583231,0.0079236,0.121341,-0.420475,-0.154709,-0.551272,0.916367,0.423339,0.124274,0.0364773,0.380607,0.0644076,-0.47647,0.252864,0.174543,0.00310122,0.126084
0.0333376,0.0014565,0.653168,-0.0472116,-0.0139245,-0.0739282,-0.46333,0.0374027,0.0034004,1.15426,-0.625432,-0.0314523,-0.467494,0.114466,0.0664294,1.09747,-0.560119,-0.0525049,-0.657264,0.0291873,0.0843976,-0.49422,-0.117264,-0.552094,0.920577,0.396357,0.154221,0.0406072,0.258053,0.0754627,-0.48712,0.359441,0.166627,-0.0250988,0.135504
0.0298088,0.00300813,0.657776,-0.0585876,-0.0754418,-0.164072,-0.361383,0.137525,0.0878012,1.12258,-0.623738,-0.0655409,-0.399153,0.145355,0.029167,1.06468,-0.528142,-0.0172303,-0.751029,0.0394736,0.0841854,-0.398684,-0.159322,-0.559365,0.923606,0.284522,0.0942741,0.107296,0.324585,0.0435261,-0.499911,0.427464,0.191016,-0.126332,0.184538
0.0310597,0.0143991,0.674803,-0.069377,-0.106357,-0.138969,-0.296541,0.0952494,0.0681217,1.02241,-0.562033,-0.035375,-0.331748,0.110393,0.028482,0.997241,-0.500524,-0.0194165,-0.764797,0.0154645,0.0308114,-0.556717,-0.0817181,-0.532373,0.834171,0.285931,0.0325255,0.139258,0.182065,-0.00174457,-0.426103,0.277529,0.220218,-0.127167,0.0929209
0.0333557,0.0317421,0.695923,-0.0897766,-0.146429,-0.106087,-0.207639,0.0421486,0.0408485,0.883653,-0.475884,0.00725615,-0.244769,0.065672,0.0235158,0.913213,-0.466815,-0.0198963,-0.78309,-0.0164403,-0.0401082,-0.767681,0.0195654,-0.483432,0.714231,0.275276,-0.0409781,0.178573,0.000637894,-0.0753442,-0.345777,0.0812799,0.250437,-0.138959,-0.0455019
0.0353975,-0.0383645,0.681138,0.0107409,-0.211933,-0.0339659,-0.146613,0.0362869,-0.0436937,0.902396,-0.494637,-0.022601,-0.165726,0.057372,0.00614958,0.937681,-0.508638,-0.113437,-0.780209,-0.047475,-0.0682987,-0.675419,0.0528074,-0.415265,0.609009,0.297522,-0.00502057,0.129568,-0.00976921,-0.0422917,-0.325552,0.00696504,0.173191,-0.0368361,-0.0490367
0.0447338,-0.0448239,0.678655,0.016806,-0.243439,-0.00791501,-0.1125,0.0383111,-0.034172,0.908968,-0.509695,-0.0194234,-0.0995676,0.0414053,-0.0694741,0.930235,-0.541472,-0.122337,-0.661863,-0.075601,-0.116118,-0.682841,0.0735172,-0.285288,0.522823,0.302778,-0.0334834,0.134379,-0.173561,-0.0703113,-0.300523,-0.0498493,0.0914409,0.0432625,-0.0424182
0.0510283,-0.0504271,0.693427,0.0169288,-0.315219,-0.023237,0.0500205,0.0356915,-0.0506033,0.764734,-0.451102,-0.0292263,0.0495442,0.0603887,-0.0654496,0.792936,-0.482069,-0.125467,-0.842566,-0.0933602,-0.204185,-0.798457,0.195755,-0.268039,0.383783,0.235423,-0.0880828,0.180317,-0.317456,-0.116816,-0.232981,-0.146402,0.0983646,-0.0223562,-0.137051
0.0434923,-0.0359241,0.699385,0.00837397,-0.192754,0.0817024,-0.111652,0.00221596,-0.146692,0.731827,-0.455869,-0.0115634,-0.0681924,0.0287726,-0.162604,0.751906,-0.45,-0.138374,-0.789291,-0.060331,-0.215955,-0.775852,0.159326,-0.251247,0.460004,0.229149,-0.164099,0.163111,-0.284096,-0.0099189,-0.304098,-0.22414,-0.028221,0.0352762,-0.0606941
0.0575521,-0.0467893,0.704822,0.0552903,-0.163558,0.0723596,-0.0857,-0.0277325,-0.122265,0.731526,-0.432552,-0.0198107,-0.0660807,-0.0170763,-0.128599,0.7488,-0.472851,-0.11569,-0.655926,-0.0924729,-0.218634,-0.644117,0.0890813,-0.200336,0.362972,0.251115,-0.198356,0.207813,-0.27201,-0.0507713,-0.310903,-0.329245,-0.0774373,0.103963,0.0234528
0.0432632,-0.030769,0.718322,0.0329188,-0.186311,0.0566543,-0.136584,-0.0276022,-0.106665,0.779448,-0.407808,-0.000389644,-0.118003,-0.0327328,-0.105794,0.81414,-0.46177,-0.0935295,-0.576374,-0.0641235,-0.249734,-0.693338,0.130125,-0.107018,0.265929,0.214644,-0.255761,0.137528,-0.333252,-0.0470017,-0.234883,-0.319528,-0.0564729,-0.0230549,-0.079745
0.0663257,-0.0140662,0.722821,0.0364324,-0.114909,0.117398,-0.171938,-0.0394517,-0.0541334,0.745484,-0.414565,0.0382067,-0.105503,-0.0095328,-0.0719041,0.759452,-0.48623,-0.0906624,-0.478196,-0.0989188,-0.281267,-0.719808,0.119015,0.00258317,0.149155,0.0650906,-0.300902,0.0141551,-0.382703,-0.0670736,-0.176364,-0.283588,-0.0194695,-0.177387,-0.151403
0.0468602,-0.0331863,0.705205,0.0583257,-0.0698938,0.0462025,-0.228439,-0.0503728,-0.0835261,0.702132,-0.35281,0.000348917,-0.217944,-0.0530702,-0.0771684,0.724097,-0.487379,-0.0909646,-0.384539,-0.0783559,-0.266752,-0.631942,0.0413705,-0.00318004,0.04533,-0.0567041,-0.387357,0.0169079,-0.380271,-0.10996,-0.20052,-0.357425,-0.00924289,-0.20397,-0.0822528
0.0338705,-0.0471765,0.707163,0.052398,-0.00323518,0.171535,-0.33518,-0.0834948,-0.0923704,0.695934,-0.301189,0.0264961,-0.282007,-0.0807002,-0.169936,0.705044,-0.464734,-0.10535,-0.315018,-0.0645201,-0.263902,-0.496123,0.027916,-0.00724002,0.0349434,-0.0393493,-0.305623,0.0245611,-0.305888,-0.0777727,-0.164987,-0.282552,-0.00667657,-0.157616,-0.0500284
0.0452111,-0.016647,0.710692,0.0504888,0.106475,0.0771664,-0.38366,-0.0892186,-0.0974332,0.649704,-0.319089,0.0276388,-0.362766,-0.0628389,-0.10778,0.671524,-0.464623,-0.0603729,-0.237576,-0.0479536,-0.262692,-0.356969,0.0139841,-0.00997112,0.0229998,-0.0260186,-0.221156,0.0250151,-0.225958,-0.050061,-0.126395,-0.204908,-0.00564234,-0.112478,-0.024398
0.0386329,-0.0165249,0.728403,0.0107506,0.0541129,0.0289572,-0.349751,-0.0484667,-0.0654799,0.638489,-0.390152,0.0524142,-0.351999,-0.0225893,-0.0743765,0.661769,-0.41557,-0.0749213,-0.126756,-0.0255259,-0.254915,-0.184763,0.00354367,-0.0106045,0.010514,-0.0080603,-0.117002,0.0210794,-0.124006,-0.0215502,-0.0719085,-0.10594,-0.00710188,-0.0573503,-0.0034309
0.03977,-0,0.72049,0,0.03753,-2e-05,-0.3112,2e-05,4e-05,0.64394,-0.41457,-0,-0.31121,-4e-05,0,0.64394,-0.41456,-0,-2e-05,-0,-0.245,-0.00031,-0.00532,-0.00196,-0.0021,0.00362,-0.00156,0.00867,-0.00646,0.00363,-0.00701,0.00148,-0.00521,0.00134,0.01348
